43;49;43;49;35
45;57;37;51;33
41;41;41;43;29
35;35;29;29;29
29;29;29;35;23
27;27;35;35;27
51;69;53;67;43
63;71;59;61;49
33;45;35;39;31
67;87;55;71;55
37;49;41;45;29
67;75;67;71;55
53;85;51;73;47
57;69;47;57;41
93;95;77;79;77
69;75;73;81;59
53;63;51;57;37
25;27;31;35;23
51;51;55;55;49
57;63;63;67;45
47;47;43;43;37
43;61;43;61;35
35;35;49;49;31
53;55;61;61;41
89;91;89;93;75
55;57;55;57;39
29;37;31;37;21
59;65;63;69;53
45;57;51;57;33
47;47;45;47;39
43;61;47;61;35
29;41;35;39;29
31;37;35;37;27
27;31;31;37;23
37;37;45;47;33
39;51;45;57;31
71;83;79;89;59
57;63;41;43;41
37;37;31;31;31
53;53;45;47;35
41;41;41;41;33
27;33;27;33;19
33;33;27;27;23
25;25;35;35;25
75;97;77;91;57
49;55;53;59;41
75;75;67;67;59
71;91;81;97;51
33;37;35;37;29
69;69;73;73;59
67;67;69;69;49
49;73;61;75;47
53;57;53;53;37
49;53;47;55;43
65;65;63;63;55
45;67;45;69;37
43;55;41;45;29
35;35;37;37;33
83;83;91;91;77
39;49;35;51;29
71;83;71;85;61
35;37;25;27;25
35;37;27;27;25
69;85;81;85;57
21;27;19;37;17
33;33;29;33;25
63;65;53;57;43
55;73;53;69;43
41;41;45;45;33
57;83;63;89;43
57;57;61;61;51
45;45;29;29;29
37;51;41;51;29
93;93;93;93;77
37;55;39;55;31
45;69;49;71;37
51;71;53;55;37
35;43;37;43;27
47;51;63;69;41
39;47;35;43;27
47;49;43;45;35
43;61;49;67;35
47;57;59;69;35
67;73;67;75;61
23;41;29;37;23
39;47;43;51;29
27;27;25;25;21
79;81;65;69;55
57;57;57;59;53
65;65;49;49;47
77;77;59;59;55
33;37;37;37;27
49;61;57;65;43
61;73;67;69;47
57;61;55;55;43
51;57;67;67;47
35;49;37;51;29
65;71;63;73;45
39;51;39;55;33
45;73;57;75;37
35;45;35;41;27
51;57;45;51;43
31;45;25;35;23
29;29;23;23;17
39;53;47;53;33
65;73;61;65;49
69;73;59;59;45
49;67;49;63;39
71;71;73;73;67
65;67;57;61;47
53;53;57;57;53
55;55;51;51;47
69;75;63;67;59
55;61;55;59;47
23;31;23;27;17
43;57;45;55;35
65;65;49;49;41
53;71;55;61;43
67;67;75;75;65
43;43;43;43;43
31;37;29;31;25
49;83;53;79;45
33;33;35;35;29
43;43;47;47;37
39;39;35;35;25
57;73;63;75;51
33;41;31;37;29
25;25;21;21;17
51;73;55;73;45
35;35;35;35;33
53;71;59;67;39
41;61;41;59;35
49;59;51;53;39
27;35;27;31;21
57;57;47;47;47
81;81;73;73;73
21;21;17;21;17
43;47;41;45;35
31;35;45;51;29
51;63;53;57;39
37;49;39;47;29
69;89;67;87;51
33;43;33;45;23
39;51;35;43;27
39;57;47;65;33
67;67;55;55;47
43;45;39;43;29
39;41;41;43;37
69;79;71;77;57
49;55;43;49;39
37;45;41;45;33
29;29;25;25;23
53;71;57;71;51
75;75;69;69;59
27;29;27;27;19
49;59;49;61;39
39;55;45;53;33
59;59;57;57;49
41;41;41;41;35
47;47;45;45;37
69;75;79;83;55
41;69;49;77;37
39;45;25;31;25
25;33;41;43;25
23;25;17;21;17
37;59;43;47;27
19;19;15;17;11
45;51;45;49;37
55;61;55;65;43
63;73;63;63;53
101;103;99;101;87
19;31;21;33;19
25;29;29;29;25
45;45;47;47;31
33;41;43;43;27
35;35;29;29;25
21;35;27;29;17
65;75;71;73;43
53;55;65;65;43
61;83;67;83;55
63;85;65;79;53
39;55;41;57;29
55;65;57;67;47
45;51;37;45;33
59;61;53;59;53
31;39;47;57;31
53;57;61;63;47
61;61;61;61;49
25;31;19;21;19
31;31;29;29;23
85;85;79;79;63
49;63;53;61;35
41;47;45;49;35
15;33;15;33;15
59;59;65;65;53
23;31;25;33;19
23;23;23;23;23
47;51;37;43;35
45;81;55;81;35
61;71;65;75;51
39;43;37;41;31
55;55;69;69;47
53;71;53;79;43
33;37;27;29;27
63;95;59;89;47
43;57;53;57;33
39;39;37;37;29
39;39;39;39;31
55;79;63;79;43
37;37;23;23;23
65;67;67;69;53
61;75;69;79;45
41;61;51;63;35
67;87;77;97;57
51;59;51;55;39
55;55;49;49;45
47;47;51;51;37
77;85;67;73;59
51;51;51;51;37
71;71;63;63;51
29;31;23;25;23
23;23;21;21;21
55;55;45;45;37
33;41;29;35;27
53;53;55;57;49
27;31;27;41;23
41;51;53;55;37
53;85;57;83;37
33;43;37;45;31
25;25;33;35;25
59;65;57;63;51
49;49;51;51;35
49;51;47;51;41
43;51;43;51;35
39;43;39;45;37
55;65;57;63;43
53;53;39;39;39
41;59;57;65;37
41;55;47;61;35
33;33;37;37;33
49;61;55;65;37
53;77;57;77;41
67;71;77;81;59
51;55;53;61;37
61;65;63;65;45
45;59;37;47;29
23;41;27;31;23
41;53;35;45;27
55;59;37;41;37
47;57;49;55;37
41;41;37;37;29
75;75;71;71;61
57;81;49;67;37
63;63;59;59;49
59;109;59;101;47
23;27;15;25;15
33;51;37;51;29
33;33;33;37;29
55;55;53;53;47
67;67;57;57;57
31;31;31;31;25
39;47;43;43;35
59;77;65;69;43
53;53;57;57;41
81;99;87;101;63
55;57;51;51;49
39;43;35;41;29
65;77;63;69;49
31;33;25;31;25
25;29;29;29;25
81;81;73;73;71
59;75;63;77;47
41;49;39;45;33
53;55;49;49;43
57;67;59;71;51
39;39;39;39;31
31;31;27;27;27
45;59;49;61;41
49;61;51;63;37
31;37;35;39;23
51;51;49;49;43
47;47;49;49;39
65;85;73;83;57
51;53;53;53;37
69;81;69;69;57
41;43;43;45;27
39;73;47;67;31
55;65;63;63;41
41;61;41;55;33
53;73;47;61;39
51;51;41;41;39
53;57;55;59;47
61;95;51;83;47
49;49;49;49;37
33;33;31;31;29
27;27;25;25;25
63;71;63;63;45
53;57;47;47;43
57;61;51;55;45
17;17;21;21;17
47;47;47;47;35
39;39;35;35;35
35;35;35;35;29
65;71;75;77;49
29;43;37;43;29
49;55;49;57;37
37;39;37;43;33
43;67;43;59;31
57;71;53;63;47
37;39;43;47;31
37;39;37;37;35
39;39;31;31;29
49;53;47;53;43
49;59;59;61;43
51;51;45;45;35
47;67;45;59;33
31;33;29;33;25
37;55;35;51;33
37;49;43;57;33
39;45;43;49;31
57;57;57;57;47
23;27;23;27;21
49;59;47;53;37
35;37;29;37;23
63;63;55;55;39
49;61;41;47;35
61;77;71;73;51
15;19;15;19;13
41;57;49;57;37
45;61;47;67;37
55;73;57;71;47
45;69;59;61;35
29;29;35;35;29
27;27;25;29;25
35;47;35;39;29
53;53;47;47;35
43;45;43;43;39
43;55;41;55;31
55;87;61;77;37
45;71;45;65;35
75;75;79;79;73
115;115;111;111;99
39;53;47;53;35
35;35;35;35;31
45;47;49;51;31
37;37;37;37;23
61;67;61;67;41
61;63;53;59;43
57;73;51;67;41
45;69;39;55;31
45;69;49;67;33
75;79;83;89;57
33;43;33;41;29
73;75;69;73;57
33;55;27;43;27
55;77;51;79;43
69;83;73;83;53
39;39;35;35;33
103;109;101;103;89
39;53;31;53;29
53;81;59;81;37
51;51;57;57;45
57;61;61;65;51
63;63;59;61;45
59;61;45;51;43
57;61;51;55;37
41;43;41;41;25
65;83;65;73;57
41;47;41;41;35
39;43;35;39;25
47;47;57;57;39
65;65;57;57;51
23;27;21;27;17
29;47;35;61;23
51;51;51;51;43
45;59;55;65;43
21;27;19;27;19
33;51;33;53;27
29;29;23;23;23
37;37;45;51;35
43;71;61;77;39
33;35;33;33;27
47;47;43;43;35
37;55;47;49;33
65;69;71;71;59
25;25;25;25;25
41;47;39;45;35
81;81;71;71;67
51;51;51;51;35
31;31;27;29;27
57;59;57;59;49
69;77;65;69;53
35;41;27;33;25
41;57;51;61;39
47;49;39;41;33
69;77;59;77;41
37;53;45;53;31
49;53;51;51;45
51;71;51;61;43
45;45;53;53;37
47;57;57;65;43
51;51;53;53;35
69;69;63;63;55
35;35;37;37;31
29;29;29;29;27
49;69;53;67;35
47;53;55;57;39
69;75;65;67;55
59;63;57;61;43
63;65;67;69;47
33;33;37;37;27
21;25;23;27;21
47;53;49;53;39
35;45;33;39;27
71;93;71;93;53
45;45;39;39;37
53;63;57;63;45
63;63;63;63;53
87;95;89;97;77
75;75;69;69;63
65;71;57;63;53
41;55;45;57;33
27;31;27;27;23
27;43;29;41;25
59;69;55;71;43
25;37;29;41;25
55;81;59;77;49
21;25;25;27;21
55;69;69;73;45
13;17;17;21;11
45;53;45;55;35
43;65;47;69;43
35;43;39;43;31
49;49;49;49;41
59;89;55;85;49
37;39;39;43;33
37;47;37;43;33
31;31;33;33;21
65;69;69;71;61
31;31;29;29;23
51;55;61;63;47
41;41;43;43;37
49;59;51;55;43
55;77;57;63;43
43;61;45;61;37
51;51;45;45;39
55;57;47;49;45
51;59;51;59;41
71;71;65;65;47
51;73;57;71;39
35;41;39;41;31
33;55;37;47;33
63;63;55;55;47
65;65;69;69;55
25;47;29;53;23
29;37;25;33;23
35;35;29;29;25
31;41;31;41;27
29;31;27;33;21
59;71;57;67;47
59;69;65;75;49
31;51;39;53;31
51;51;47;47;33
57;57;51;51;39
73;79;67;71;59
47;47;49;49;37
49;65;55;67;49
37;55;51;63;33
43;67;41;71;27
59;75;69;71;43
85;85;95;95;69
67;75;61;71;49
57;59;61;61;53
39;43;33;53;27
57;59;51;55;43
71;85;67;79;49
47;51;51;55;47
37;69;39;69;29
47;47;49;49;37
29;29;33;33;23
51;55;53;53;43
33;37;33;37;27
75;75;75;75;57
49;53;47;51;41
33;33;33;33;23
45;75;43;67;37
35;37;33;41;27
33;35;31;33;27
35;41;37;45;23
45;45;55;59;37
63;79;67;77;55
45;53;45;47;35
63;67;63;63;59
55;85;57;95;41
31;31;35;37;31
55;69;53;75;43
45;55;47;55;39
67;67;69;69;57
35;35;39;39;33
53;57;57;59;45
17;17;23;23;17
33;35;31;33;29
31;33;33;35;27
37;39;33;35;31
43;43;43;43;33
47;47;45;45;35
25;27;23;31;21
51;51;51;51;39
47;55;57;59;39
37;39;39;39;29
31;67;37;75;27
45;69;45;69;43
69;69;65;65;59
73;73;79;79;69
59;71;67;69;53
57;57;55;55;47
27;27;23;23;23
69;71;63;63;49
51;61;55;65;41
51;51;53;53;37
71;73;79;79;59
45;57;57;61;41
47;61;55;67;39
35;43;31;31;29
33;33;31;31;27
47;59;51;59;41
37;39;41;51;35
41;63;49;57;29
47;55;53;61;37
27;51;25;47;23
31;41;31;41;23
69;81;67;77;57
29;37;37;43;23
59;71;67;75;49
49;49;53;53;37
45;57;55;65;39
51;71;57;65;37
39;49;43;47;31
57;61;59;65;45
63;69;59;63;51
29;31;21;23;21
33;35;33;33;29
45;55;49;59;35
47;51;51;51;37
59;59;51;51;45
31;39;29;35;25
35;59;35;51;29
41;41;37;37;29
67;75;79;79;55
37;41;37;45;35
59;69;65;69;49
63;63;47;49;45
53;73;57;75;39
43;43;43;43;35
25;29;33;39;25
43;43;47;47;39
21;21;21;21;19
41;41;45;45;39
31;31;29;29;27
23;23;31;39;23
61;77;59;81;43
21;29;27;39;21
33;33;39;39;31
35;55;27;43;23
63;91;61;83;51
31;35;39;43;29
63;93;73;91;51
43;43;59;59;43
45;47;55;61;39
37;49;33;47;27
63;75;77;79;43
45;53;47;47;33
89;89;77;77;69
53;53;47;47;33
25;25;27;27;19
33;33;27;27;27
41;47;45;45;37
59;59;65;65;49
29;31;37;39;27
53;59;61;65;47
47;47;43;43;35
43;87;43;79;35
53;69;59;67;51
55;59;45;51;45
45;47;47;47;37
39;43;39;43;37
33;81;33;75;25
55;55;51;51;41
39;79;55;73;35
25;25;17;17;17
29;33;29;33;25
27;27;23;23;21
43;43;37;37;35
23;25;21;25;19
33;45;49;49;29
47;67;47;57;37
47;55;55;67;39
45;47;49;51;43
69;87;61;81;53
47;67;51;65;35
63;63;65;65;51
45;53;45;53;39
59;59;55;55;45
53;75;53;71;43
27;29;31;31;25
31;37;37;39;25
57;59;73;77;49
67;67;69;69;51
53;57;49;53;41
43;59;49;51;29
51;51;47;47;41
53;53;47;47;43
37;41;41;47;31
71;77;69;71;55
71;71;83;83;57
49;49;53;53;43
43;43;49;49;39
55;67;71;79;51
43;59;53;73;39
53;53;59;59;43
47;63;43;53;35
59;73;63;75;53
43;43;37;37;37
21;23;27;27;21
33;33;43;43;33
25;29;35;37;25
75;75;61;61;57
51;67;61;67;43
91;91;87;87;65
81;89;69;75;61
41;83;43;81;33
61;61;69;69;53
61;71;55;71;49
49;75;49;77;35
47;57;47;59;35
35;37;33;33;23
37;37;35;35;27
61;95;65;91;57
49;65;49;63;41
29;29;27;29;23
71;93;65;77;51
29;45;33;51;27
25;35;21;31;17
55;81;59;75;49
21;25;19;29;19
37;59;39;61;29
33;33;37;37;27
31;37;33;33;25
47;61;41;51;35
41;65;39;69;27
39;45;33;39;29
27;27;23;29;21
47;47;53;53;45
45;51;43;45;41
45;45;43;45;33
29;29;23;23;23
31;33;35;41;27
79;79;77;77;61
41;41;31;31;29
63;67;63;67;53
35;35;25;25;25
49;75;55;77;39
47;53;49;49;41
23;25;19;19;19
41;41;45;45;39
73;73;75;75;63
37;41;37;41;31
61;73;71;83;51
43;47;51;51;35
61;61;55;55;51
51;83;55;79;37
31;31;33;33;25
59;67;69;77;55
47;59;57;65;37
77;77;73;73;55
55;85;57;81;43
35;43;41;45;31
35;39;39;39;29
49;59;61;65;41
45;61;47;59;35
33;33;31;31;25
51;61;53;65;39
71;71;79;79;67
47;47;45;45;33
19;27;19;21;19
21;27;25;33;21
43;43;43;49;35
27;35;25;39;25
51;57;51;51;45
55;55;59;61;47
61;67;67;67;49
47;61;53;65;39
45;73;51;73;35
27;33;23;29;21
35;43;35;39;31
35;57;35;51;21
61;73;61;71;53
37;43;29;29;23
59;59;65;65;55
51;61;57;67;45
37;49;43;61;31
33;39;35;41;25
53;65;51;65;43
35;47;41;47;29
23;39;35;37;23
31;39;35;45;23
31;41;27;35;23
55;75;59;77;41
39;61;39;61;31
27;41;27;41;27
59;75;61;73;51
33;33;43;43;27
59;81;65;77;43
57;61;43;49;43
43;57;45;55;33
45;65;47;63;31
57;61;63;67;53
37;37;37;41;31
51;57;43;43;39
37;49;35;41;29
27;27;23;23;23
23;27;27;31;19
41;51;43;49;35
59;97;59;89;49
65;65;61;61;51
49;49;49;49;37
29;43;37;41;29
25;33;21;23;19
63;65;55;59;49
29;29;23;23;23
31;31;43;43;31
41;45;37;41;37
63;69;73;75;59
51;51;57;57;43
35;73;37;73;29
33;49;39;49;29
53;63;71;73;43
25;27;25;27;21
49;55;43;47;33
45;49;47;49;35
19;19;19;21;17
39;39;37;39;33
73;73;67;67;49
35;35;31;31;25
61;61;53;53;47
63;69;73;79;59
67;71;63;71;55
31;35;27;31;27
47;57;47;65;35
57;57;47;49;41
49;49;39;39;37
49;57;53;59;47
55;55;51;51;43
35;45;37;49;23
33;53;43;55;27
65;69;61;69;49
51;71;41;53;37
37;45;37;41;29
61;61;69;69;51
31;31;29;29;27
37;63;39;63;25
37;51;37;47;29
29;29;25;25;23
43;49;43;45;33
49;53;61;65;43
23;29;23;27;23
59;63;69;73;43
51;57;49;53;43
59;67;67;71;57
37;55;41;59;35
35;47;37;51;27
61;61;51;51;45
79;83;75;79;61
43;47;39;43;33
59;67;65;73;47
65;67;71;73;61
31;31;27;27;27
77;77;69;69;61
49;103;51;95;35
31;37;31;35;21
75;79;65;69;53
45;75;55;75;33
57;61;69;69;51
41;41;39;41;31
47;47;51;53;37
27;35;25;33;19
31;35;43;49;31
39;39;33;33;31
45;81;57;83;39
75;75;83;83;63
45;47;51;57;39
87;87;79;79;65
25;25;27;27;25
67;67;69;69;57
37;49;35;45;25
41;47;39;45;37
49;55;43;49;39
61;69;57;63;47
25;35;31;37;21
35;47;43;51;31
79;79;79;79;63
23;33;31;37;23
41;59;59;73;39
47;57;55;59;39
81;81;81;81;77
81;81;79;79;73
21;21;35;35;21
43;55;41;45;35
29;29;33;33;23
65;71;51;55;47
29;41;31;39;21
35;35;35;35;29
21;23;27;27;19
59;59;69;69;49
41;51;49;51;35
65;67;61;63;53
61;63;63;79;49
47;71;53;69;41
65;93;69;89;55
25;27;25;25;25
51;71;61;67;41
27;27;25;25;25
45;47;49;51;37
29;49;43;45;27
27;27;23;23;21
45;63;45;63;33
27;29;25;27;21
45;83;49;81;35
51;59;57;59;41
39;39;37;37;31
37;39;41;45;27
39;53;43;49;27
61;61;59;59;43
55;61;73;75;53
65;65;57;57;51
79;79;71;71;59
39;43;35;35;31
47;55;43;49;41
53;75;51;61;37
43;45;43;43;27
37;49;43;55;33
95;103;97;105;81
27;41;25;55;21
57;57;53;53;43
57;61;47;49;41
65;65;67;67;51
53;53;45;45;43
59;59;59;59;47
47;65;47;57;37
67;79;65;69;49
57;61;49;51;47
27;27;25;25;19
43;45;41;43;35
29;31;27;29;23
49;53;47;49;41
59;59;53;53;41
51;57;65;69;35
51;51;51;51;39
67;87;65;81;49
61;61;69;73;47
31;31;37;37;25
27;51;33;41;21
55;59;53;59;37
61;61;71;73;55
31;31;31;31;29
77;81;81;81;63
75;81;79;81;55
29;33;29;37;21
37;51;33;37;29
35;35;35;37;23
69;75;69;77;55
49;63;51;65;35
79;79;83;83;73
41;43;33;33;31
71;71;81;81;61
25;25;31;31;23
49;49;41;41;39
47;53;39;49;35
25;29;25;25;25
25;25;23;23;19
55;71;61;73;41
35;57;35;59;29
75;85;71;81;63
17;27;23;23;17
25;25;27;27;25
37;75;39;65;33
45;59;51;53;35
33;39;41;51;23
59;59;65;65;55
25;41;31;49;23
25;33;29;29;25
51;61;53;55;43
63;67;67;71;53
65;65;57;59;49
43;51;45;49;37
61;61;47;47;45
71;71;73;73;59
25;31;35;39;23
45;45;43;43;37
43;59;41;55;31
77;91;81;89;61
39;55;39;55;35
39;45;49;55;37
51;57;35;41;33
37;37;29;29;29
27;37;21;31;21
55;83;57;79;43
41;51;47;55;33
39;55;37;47;33
67;69;71;71;49
23;23;23;23;21
73;73;69;69;65
33;53;35;55;27
69;95;81;89;55
31;37;27;35;27
35;41;35;39;33
45;45;33;33;31
53;67;61;65;45
65;77;59;69;55
33;37;39;43;27
45;65;49;75;35
29;41;29;45;17
39;59;45;55;35
31;35;31;33;23
63;69;67;73;51
29;31;29;31;23
33;49;39;49;29
69;77;71;77;61
65;65;69;69;57
29;39;25;33;21
55;63;69;71;45
31;31;29;31;21
59;79;67;81;47
61;67;67;69;41
79;87;75;81;63
53;63;55;63;39
53;77;61;79;39
53;59;49;51;43
29;33;27;29;21
49;49;57;57;45
37;37;39;39;29
45;55;49;55;33
67;75;69;71;55
63;65;69;71;57
27;27;25;25;23
39;45;41;51;29
47;65;53;59;37
47;47;57;57;41
39;57;35;55;31
61;61;63;67;53
39;49;49;53;33
51;53;55;59;47
59;73;63;71;43
53;79;63;81;47
43;43;31;31;31
43;63;55;63;39
35;39;41;41;29
39;45;49;53;39
33;51;45;59;31
51;63;55;63;35
61;73;81;85;49
75;87;61;73;53
39;49;41;55;35
35;43;31;39;29
47;49;45;47;31
77;89;75;87;57
31;41;31;33;27
81;81;67;67;53
61;69;63;69;49
71;71;67;67;59
55;55;45;45;37
43;75;45;67;31
35;41;43;43;31
19;23;19;23;15
27;59;35;41;25
55;63;57;65;47
69;71;73;73;57
35;35;39;39;29
47;49;41;43;37
79;87;83;93;67
53;55;47;47;39
61;63;59;61;51
35;41;31;31;25
35;41;37;47;33
55;81;55;73;45
51;63;49;59;41
27;27;25;25;21
35;35;29;29;29
79;79;77;81;67
67;67;63;63;51
35;43;29;37;27
29;37;29;39;23
75;77;71;73;49
29;29;19;21;19
49;67;57;67;41
47;47;41;41;29
53;95;69;87;47
29;35;27;37;27
59;79;57;75;45
83;83;77;77;61
